20.56	20.58	20.31	23.72	23.8	23.75	24.19	24.13	24
21.51	21.46	21.49	23.8	23.97	23.7	23.68	23.26	23.29
21.79	21.68	21.82	24.46	24.64	24.06	23.43	23.55	23.62
21.26	21.11	21.1	24.02	24.24	23.92	23.09	23.19	23.03
21	20.99	20.99	23.95	23.96	23.99	24.35	24.42	24.45
20.04	20.07	20.07	22.81	22.97	23.08	22.77	22.66	22.75
21.98	21.91	22	25.05	25.17	25.27	23.98	24	24.03
21.3	21.24	21.44	24.57	24.51	24.56	24.52	24.53	24.5
21.8	21.82	21.75	24.9	25.02	25.1	24.96	24.92	24.96
21.49	21.42	21.57	24.52	24.58	24.5	24.41	24.18	24.22
20.05	20.5	19.92	23.5	23.46	23.52	24.22	24.34	24.25
21.12	21.05	21.07	23.79	23.45	23.88	25.04	25.58	25.25
19.86	19.71	19.8	22.91	22.9	23.33	23.43	23.47	23.3
20.98	20.8	20.68	23.31	23.49	23.57	23.74	23.7	23.75
20.44	20.27	20.24	22.94	22.94	22.98	22.55	22.58	22.54
18.85	18.83	18.86	21.71	21.58	21.69	22.86	22.97	22.91
21.28	21.33	21.2	24.11	24.24	24.58	23.03	23.01	23.07
20.56	20.55	20.52	23.6	23.61	23.55	23.85	24.02	24.07
20.94	20.75	20.83	24.23	24.43	24.31	24.9	24.94	24.92
19.73	19.82	19.77	23.44	23.34	23.45	23.76	23.8	23.72